ISS (ZARYA)
1 25544U 98067A   24210.49798564  .00022368  00000+0  39269-3 0  9993
2 25544  51.6401 110.6651 0010107 117.2828  56.4324 15.50392097464950
NOAA 15
1 25338U 98030A   24210.54651574  .00000334  00000+0  15614-3 0  9996
2 25338  98.5672 236.8072 0009966 197.3561 162.7280 14.26640664363333
DMSP 5D-3 F16 (USA 172)
1 28054U 03048A   24210.55263087  .00000190  00000+0  12400-3 0  9998
2 28054  99.0213 217.4096 0006321 301.2073 168.2515 14.14058204 72121
NOAA 18
1 28654U 05018A   24210.48353274  .00000303  00000+0  18501-3 0  9997
2 28654  98.8733 287.1047 0013244 308.6770  51.3217 14.13264274989097
METEOSAT-9 (MSG-2)
1 28912U 05049B   24210.16655000  .00000119  00000+0  00000+0 0  9991
2 28912   7.7780  60.5221 0000585   0.3868 351.0054  1.00270930 68163
EWS-G1 (GOES 13)
1 29155U 06018A   24208.76299578  .00000081  00000+0  00000+0 0  9993
2 29155   2.7265  84.8457 0075842 255.8386 300.4914  0.99029446 36424
DMSP 5D-3 F17 (USA 191)
1 29522U 06050A   24210.49630971  .00000216  00000+0  13516-3 0  9996
2 29522  98.7441 220.2202 0009304 216.7258 143.3278 14.14509529915038
FENGYUN 3A
1 32958U 08026A   24210.49041195  .00000233  00000+0  13167-3 0  9993
2 32958  98.6053 156.4201 0007918 320.3498  39.7099 14.19131315837816
NOAA 19
1 33591U 09005A   24210.51165844  .00000287  00000+0  17822-3 0  9997
2 33591  99.0447 266.7435 0014069 171.7119 188.4287 14.13058629797466
GOES 14
1 35491U 09033A   24210.23989685 -.00000069  00000+0  00000+0 0  9990
2 35491   0.4323 100.2879 0003624  22.1701 161.8170  1.00271697 55244
DMSP 5D-3 F18 (USA 210)
1 35951U 09057A   24210.51285726  .00000437  00000+0  25226-3 0  9992
2 35951  98.8163 185.3128 0012215  53.0840 307.1450 14.14181349762202
EWS-G2 (GOES 15)
1 36411U 10008A   24210.52707796  .00000036  00000+0  00000+0 0  9993
2 36411   0.5061 274.5074 0005251 284.3421 358.8368  1.00277116 52727
COMS 1
1 36744U 10032A   24210.52978183 -.00000349  00000+0  00000+0 0  9997
2 36744   3.0485  83.9178 0000760  54.1467 127.4538  1.00271474 51745
FENGYUN 3B
1 37214U 10059A   24210.59767137  .00000131  00000+0  92161-4 0  9993
2 37214  99.0534 239.2648 0021725 338.3574 133.1167 14.14527396710106
SUOMI NPP
1 37849U 11061A   24210.48780290  .00000160  00000+0  96463-4 0  9995
2 37849  98.7222 147.8487 0001771 109.6747 250.4620 14.19536037660721
FENGYUN 2F
1 38049U 12002A   24210.52292666 -.00000363  00000+0  00000+0 0  9997
2 38049   5.6938  72.7210 0002181 128.5600  45.4894  1.00261322 45987
METEOSAT-10 (MSG-3)
1 38552U 12035B   24209.87122625 -.00000010  00000+0  00000+0 0  9994
2 38552   3.0547  61.2639 0000281 201.6420 356.8074  1.00273692 43940
METOP-B
1 38771U 12049A   24210.49221531  .00000213  00000+0  11732-3 0  9990
2 38771  98.6255 266.7822 0001063  81.9127 278.2171 14.21457281615414
INSAT-3D
1 39216U 13038B   24209.89433949 -.00000359  00000+0  00000+0 0  9998
2 39216   0.1370  95.3896 0001335  96.3541 192.7830  1.00559906 40160
FENGYUN 3C
1 39260U 13052A   24210.56793761  .00000159  00000+0  10101-3 0  9994
2 39260  98.4299 207.9835 0010508 201.7643 158.3087 14.16237503561189
METEOR-M 2
1 40069U 14037A   24210.50401662  .00000232  00000+0  12594-3 0  9997
2 40069  98.4383 202.8994 0004703 231.0285 129.0474 14.21004843521490
HIMAWARI-8
1 40267U 14060A   24210.49331203 -.00000278  00000+0  00000+0 0  9990
2 40267   0.0390 235.8469 0000809 308.6886  80.3448  1.00272069 35952
FENGYUN 2G
1 40367U 14090A   24209.96255003 -.00000307  00000+0  00000+0 0  9990
2 40367   3.8921  81.0767 0003069 139.6656 171.4457  1.00274108 35121
METEOSAT-11 (MSG-4)
1 40732U 15034A   24209.87301896  .00000060  00000+0  00000+0 0  9992
2 40732   1.4810  69.9356 0001444 160.4382  39.2148  1.00275508   316
ELEKTRO-L 2
1 41105U 15074A   24210.36916391 -.00000122  00000+0  00000+0 0  9999
2 41105   4.9441  78.9819 0001683 149.4439 196.4844  1.00272103 31601
INSAT-3DR
1 41752U 16054A   24210.10743654 -.00000079  00000+0  00000+0 0  9999
2 41752   0.1095  92.5272 0010816 171.2863 155.0877  1.00271068 28892
HIMAWARI-9
1 41836U 16064A   24210.53429906 -.00000278  00000+0  00000+0 0  9992
2 41836   0.0275 159.5247 0000879 348.4508 131.7918  1.00270079 28395
GOES 16
1 41866U 16071A   24208.99767406 -.00000250  00000+0  00000+0 0  9990
2 41866   0.0792 256.3742 0000307 253.4828  79.2587  1.00270617 28187
FENGYUN 4A
1 41882U 16077A   24210.10302872 -.00000198  00000+0  00000+0 0  9993
2 41882   0.5585  86.1281 0007992 346.0270 357.5755  1.00265614 28072
CYGFM05
1 41884U 16078A   24210.51912172  .00009900  00000+0  35417-3 0  9994
2 41884  34.9596  39.2268 0011231 220.9123 139.0750 15.27953486422508
CYGFM04
1 41885U 16078B   24209.89433181  .00011604  00000+0  40373-3 0  9993
2 41885  34.9376  26.8484 0009218 241.1231 118.8559 15.28852479422563
CYGFM02
1 41886U 16078C   24210.17148491  .00009456  00000+0  32564-3 0  9999
2 41886  34.9490  27.2566 0011794 230.2019 129.7659 15.29193344422609
CYGFM01
1 41887U 16078D   24209.91871505  .00011418  00000+0  41088-3 0  9991
2 41887  34.9485  46.9327 0011085 202.9141 157.1081 15.27737498422361
CYGFM08
1 41888U 16078E   24209.91149647  .00011793  00000+0  41218-3 0  9998
2 41888  34.9476  34.7788 0012052 228.7301 131.2377 15.28671172422455
CYGFM07
1 41890U 16078G   24210.53311683  .00010461  00000+0  36239-3 0  9990
2 41890  34.9505  22.1627 0008891 245.1521 114.8270 15.29013928422669
CYGFM03
1 41891U 16078H   24210.17860071  .00009559  00000+0  33222-3 0  9996
2 41891  34.9501  25.6497 0009832 224.6120 135.3805 15.28914983422596
FENGYUN 3D
1 43010U 17072A   24210.47440681  .00000190  00000+0  11177-3 0  9997
2 43010  98.9127 165.3767 0001057 168.9428 191.1771 14.19378265347278
NOAA 20 (JPSS-1)
1 43013U 17073A   24210.50482080  .00000145  00000+0  89461-4 0  9996
2 43013  98.7065 147.7354 0002358  95.8516 264.2929 14.19549286346760
GOES 17
1 43226U 18022A   24210.48868997 -.00000093  00000+0  00000+0 0  9999
2 43226   0.0034 173.1613 0001431   3.9722 200.7069  1.00271260 23536
FENGYUN 2H
1 43491U 18050A   24210.10154932 -.00000130  00000+0  00000+0 0  9992
2 43491   1.2475  87.0668 0001054  73.8371 260.8056  1.00276966 22600
METOP-C
1 43689U 18087A   24210.45957097  .00000205  00000+0  11370-3 0  9990
2 43689  98.7213 269.2490 0001490  10.8325 349.2884 14.21475090296982
GEO-KOMPSAT-2A
1 43823U 18100A   24210.52978187 -.00000346  00000+0  00000+0 0  9998
2 43823   0.0107 130.9687 0002154 333.5916 161.0836  1.00272871 20753
METEOR-M2 2
1 44387U 19038A   24210.53907875  .00000150  00000+0  85059-4 0  9996
2 44387  98.8294 179.9314 0001289 148.1908 211.9348 14.23906494263273
ARKTIKA-M 1
1 47719U 21016A   24210.12701817  .00000125  00000+0  00000+0 0  9990
2 47719  63.1359 147.0655 6955955 268.6271  17.8510  2.00602263 24976
FENGYUN 3E
1 49008U 21062A   24210.50421296  .00000041  00000+0  40236-4 0  9993
2 49008  98.7333 211.2301 0000411 286.8689  73.2442 14.19767297158851
GOES 18
1 51850U 22021A   24210.38104688  .00000094  00000+0  00000+0 0  9994
2 51850   0.0021 222.9864 0000365 306.0524 137.6503  1.00272554  8897
NOAA 21 (JPSS-2)
1 54234U 22150A   24210.18815233  .00000164  00000+0  98612-4 0  9998
2 54234  98.7518 147.6030 0001725  63.4189 296.7163 14.19535498 88790
METEOSAT-12 (MTG-I1)
1 54743U 22170C   24210.15732560 -.00000011  00000+0  00000+0 0  9994
2 54743   0.5581  44.9668 0001920  76.7851 240.6883  1.00271700  6068
TIANMU-1 03
1 55973U 23039A   24210.51719959  .00009069  00000+0  38393-3 0  9993
2 55973  97.4725   0.9126 0005487  46.1272 314.0417 15.23392616 75144
TIANMU-1 04
1 55974U 23039B   24210.49843979  .00009599  00000+0  40484-3 0  9993
2 55974  97.4648   0.4173 0006494  40.9785 319.1939 15.23499910 75135
TIANMU-1 05
1 55975U 23039C   24210.54998206  .00009256  00000+0  39174-3 0  9998
2 55975  97.4697   0.8172 0005434  63.2439 296.9353 15.23395339 75132
TIANMU-1 06
1 55976U 23039D   24210.52906437  .00008947  00000+0  37638-3 0  9991
2 55976  97.4709   0.9319 0005924  60.4741 299.7085 15.23608571 75138
METEOR-M2 3
1 57166U 23091A   24210.50400206  .00000032  00000+0  33090-4 0  9999
2 57166  98.7103 264.8021 0004298  26.3917 333.7480 14.23907587 56509
TIANMU-1 07
1 57399U 23101A   24210.50743268  .00006766  00000+0  33816-3 0  9992
2 57399  97.3605 266.5104 0006038  58.5499 301.6324 15.17757146 56695
TIANMU-1 08
1 57400U 23101B   24210.47650295  .00006022  00000+0  30114-3 0  9991
2 57400  97.3594 266.3482 0008359  59.5728 300.6331 15.17768551 56684
TIANMU-1 09
1 57401U 23101C   24210.45971303  .00006203  00000+0  31005-3 0  9997
2 57401  97.3548 266.1495 0008626  55.4604 304.7443 15.17766832 56680
TIANMU-1 10
1 57402U 23101D   24210.49233962  .00006730  00000+0  33612-3 0  9995
2 57402  97.3630 266.4986 0010738  52.1340 308.0864 15.17750893 56683
FENGYUN 3F
1 57490U 23111A   24210.52693394  .00000140  00000+0  86781-4 0  9991
2 57490  98.7678 279.2742 0000967  50.0085 310.1176 14.19843592 51130
ARKTIKA-M 2
1 58584U 23198A   24209.36070071  .00000153  00000+0  00000+0 0  9991
2 58584  63.2535 230.8837 6969666 269.8057  17.2898  2.00605174  4477
TIANMU-1 11
1 58645U 23205A   24210.52158131  .00005269  00000+0  28024-3 0  9995
2 58645  97.4024 234.5550 0009492 257.2244 102.7928 15.15648579 32779
TIANMU-1 12
1 58646U 23205B   24210.53588183  .00006026  00000+0  31952-3 0  9997
2 58646  97.4010 234.4950 0008175 246.9779 113.0592 15.15705790 32763
TIANMU-1 13
1 58647U 23205C   24210.50417660  .00005616  00000+0  29872-3 0  9998
2 58647  97.4038 234.4705 0008415 228.1475 131.9040 15.15623461 32754
TIANMU-1 14
1 58648U 23205D   24210.55403846  .00006261  00000+0  33247-3 0  9993
2 58648  97.3964 234.3436 0009049 232.6185 127.4224 15.15630158 32760
TIANMU-1 19
1 58660U 23208A   24210.56005317  .00006680  00000+0  35342-3 0  9995
2 58660  97.4135 321.9408 0008509 213.6836 146.3857 15.15741392 32438
TIANMU-1 20
1 58661U 23208B   24210.54205892  .00006984  00000+0  36125-3 0  9991
2 58661  97.4061 321.9068 0009120 225.4227 134.6262 15.16522694 32448
TIANMU-1 21
1 58662U 23208C   24210.57605468  .00007630  00000+0  38383-3 0  9995
2 58662  97.4102 322.2762 0008755 224.6646 135.3883 15.17471981 32461
TIANMU-1 22
1 58663U 23208D   24210.51134531  .00006713  00000+0  35586-3 0  9991
2 58663  97.4122 321.9592 0004208 232.6086 127.4764 15.15691650 32439
TIANMU-1 15
1 58700U 24004A   24210.48694930  .00005317  00000+0  28318-3 0  9992
2 58700  97.4639  30.8433 0008431 268.9272  91.0995 15.15609686 31029
TIANMU-1 16
1 58701U 24004B   24210.53489039  .00006058  00000+0  32173-3 0  9998
2 58701  97.4565  30.7331 0008463 275.4620  84.5647 15.15647787 31035
TIANMU-1 17
1 58702U 24004C   24210.52051246  .00006606  00000+0  35091-3 0  9994
2 58702  97.4608  30.8701 0006341 268.9722  91.0784 15.15621685 31022
TIANMU-1 18
1 58703U 24004D   24210.50307845  .00006122  00000+0  32533-3 0  9993
2 58703  97.4626  30.9346 0005565 256.2566 103.8048 15.15641171 31029
INSAT-3DS
1 58990U 24033A   24210.51993874 -.00000159  00000+0  00000+0 0  9992
2 58990   0.0777 264.7128 0001713 227.8667  83.3471  1.00271646  1918
METEOR-M2 4
1 59051U 24039A   24210.50149959  .00000073  00000+0  52388-4 0  9998
2 59051  98.6001 171.3834 0007365  14.7193 345.4198 14.22242651 21364
GOES 19
1 60133U 24119A   24209.49285549 -.00000184  00000+0  00000+0 0  9995
2 60133   0.0894 249.5578 0003496 199.8299 304.1202  1.00272055    43